0			0			2048			816			4			0			
0			0			1024			408			4			0			
0			0			512			204			4			0			
0			0			256			102			0			0			
256			0			256			102			0			0			
0			102			256			102			0			1			16		
256			102			256			102			0			0			
512			0			512			204			4			0			
512			0			256			102			0			0			
768			0			256			102			0			0			
512			102			256			102			0			1			15		
768			102			256			102			0			0			
0			204			512			204			4			0			
0			204			256			102			0			2			2		10		
256			204			256			102			0			2			11		13		
0			306			256			102			0			0			
256			306			256			102			0			1			12		
512			204			512			204			4			0			
512			204			256			102			0			0			
768			204			256			102			0			0			
512			306			256			102			0			0			
768			306			256			102			0			1			14		
1024			0			1024			408			4			0			
1024			0			512			204			0			0			
1536			0			512			204			0			0			
1024			204			512			204			4			0			
1024			204			256			102			0			0			
1280			204			256			102			0			2			8		9		
1024			306			256			102			0			1			7		
1280			306			256			102			0			0			
1536			204			512			204			0			0			
0			408			1024			408			4			0			
0			408			512			204			0			0			
512			408			512			204			4			0			
512			408			256			102			0			0			
768			408			256			102			0			1			6		
512			510			256			102			0			0			
768			510			256			102			0			0			
0			612			512			204			0			0			
512			612			512			204			0			0			
1024			408			1024			408			4			0			
1024			408			512			204			0			0			
1536			408			512			204			4			0			
1536			408			256			102			0			1			5		
1792			408			256			102			0			1			1		
1536			510			256			102			0			0			
1792			510			256			102			0			1			4		
1024			612			512			204			0			0			
1536			612			512			204			4			0			
1536			612			256			102			0			0			
1792			612			256			102			0			2			0		3		
1536			714			256			102			0			0			
1792			714			256			102			0			0			
