0			0			2048			816			4			0			
0			0			1024			408			4			0			
0			0			512			204			4			0			
0			0			256			102			0			1			52		
256			0			256			102			0			1			46		
0			102			256			102			0			1			36		
256			102			256			102			0			4			33		34		35		46		
512			0			512			204			4			0			
512			0			256			102			0			1			42		
768			0			256			102			0			0			
512			102			256			102			0			4			30		31		32		42		
768			102			256			102			0			0			
0			204			512			204			4			0			
0			204			256			102			0			0			
256			204			256			102			0			0			
0			306			256			102			0			3			28		29		37		
256			306			256			102			0			4			26		27		45		47		
512			204			512			204			4			0			
512			204			256			102			0			0			
768			204			256			102			0			1			22		
512			306			256			102			0			3			23		24		25		
768			306			256			102			0			2			21		48		
1024			0			1024			408			4			0			
1024			0			512			204			0			0			
1536			0			512			204			0			0			
1024			204			512			204			4			0			
1024			204			256			102			0			2			18		20		
1280			204			256			102			0			3			15		16		44		
1024			306			256			102			0			2			17		19		
1280			306			256			102			0			1			49		
1536			204			512			204			0			0			
0			408			1024			408			4			0			
0			408			512			204			0			0			
512			408			512			204			4			0			
512			408			256			102			0			0			
768			408			256			102			0			3			13		14		38		
512			510			256			102			0			0			
768			510			256			102			0			0			
0			612			512			204			0			0			
512			612			512			204			0			0			
1024			408			1024			408			4			0			
1024			408			512			204			4			0			
1024			408			256			102			0			4			11		12		39		43		
1280			408			256			102			0			4			7		8		9		10		
1024			510			256			102			0			0			
1280			510			256			102			0			0			
1536			408			512			204			4			0			
1536			408			256			102			0			3			5		6		50		
1792			408			256			102			0			4			1		2		3		4		
1536			510			256			102			0			0			
1792			510			256			102			0			0			
1024			612			512			204			0			0			
1536			612			512			204			4			0			
1536			612			256			102			0			0			
1792			612			256			102			0			1			0		
1536			714			256			102			0			0			
1792			714			256			102			0			3			40		41		51		
