52

0
1936
632
8
8

0
1984
440
8
8

0
1920
440
8
8

0
1856
440
8
8

0
1792
440
8
8

0
1728
440
8
8

0
1600
440
8
8

0
1472
440
8
8

0
1408
440
8
8

0
1344
440
8
8

0
1280
440
8
8

0
1152
440
8
8

0
1088
440
8
8

0
960
440
8
8

0
848
440
8
8

0
1472
248
8
8

0
1344
248
8
8

0
1216
328
8
8

0
1152
248
8
8

0
1088
328
8
8

0
1024
248
8
8

0
960
344
8
8

0
896
248
8
8

0
640
344
8
8

0
576
344
8
8

0
512
344
8
8

0
320
344
8
8

0
256
344
8
8

0
192
344
8
8

0
128
328
8
8

0
704
104
8
8

0
640
104
8
8

0
576
104
8
8

0
448
104
8
8

0
384
104
8
8

0
320
104
8
8

1
192
118
12
10

1
64
310
12
10

1
896
470
12
10

1
1024
470
12
10

1
1984
742
12
10

2
1856
723
14
13

3
512
98
15
14

4
1216
439
16
9

7
448
336
16
16

12
256
101
16
11

14
384
337
15
15

15
840
337
15
15

15
1408
321
15
15

15
1664
433
15
15

16
1920
768
15
16

19
128
80
14
16

